0.4299915203228114 0.4336819214613159
1 , 0.00207814
2 , -0.019283200000000056
3 , -0.0049155800000001415
4 , 0.01653780000000027
5 , 0.008662579999999975
6 , 0.012149100000000024
7 , -0.0031042999999999488
8 , -0.01266350000000005
9 , -0.02165689999999998
10 , -0.0010745800000000472
11 , 0.017211700000000052
12 , -0.0023265700000000278
13 , 0.0027559900000000415
14 , 0.010359400000000019
15 , 0.007323710000000094
16 , -0.004154549999999979
17 , 0.0
18 , -0.0029203199999999763
19 , 0.019665299999999997
20 , 0.0020516999999999896
21 , 0.004504499999999689
22 , 0.002853650000000041
23 , -0.0034552799999999495
24 , 0.003875180000000089
25 , -0.0030475399999999597
26 , -0.016303199999999962
27 , 0.0035218599999999878
28 , -0.014450899999999933
29 , 0.008378720000000284
30 , 0.007270459999999979
31 , 0.004949470000000122
32 , 0.0012312699999998955
33 , 0.0034843200000000962
34 , -0.0022467299999999746
35 , 0.004298869999999733
36 , 0.001834490000000244
37 , 0.0077314299999997615
38 , -0.0024227699999999075
39 , -0.0056668700000001015
40 , -0.022185999999999928
41 , -0.049166200218670464
42 , -0.000871588637905818
43 , -0.0009199129399329875
44 , -0.001061974891148676
45 , -0.0012088483577985532
46 , -0.0013441098552687825
47 , -0.0013888566049138351
48 , -0.0013356998069966597
49 , -0.0012441898528700035
50 , -0.0011881752929679967
51 , -0.001202504230636836
52 , -0.0012449544547717961
53 , -0.001253728084400385
54 , -0.0012213624891691532
55 , -0.0012108551056799755
56 , -0.0011420585983351605
57 , -0.001010258441277112
58 , -0.0008502920003379266
59 , -0.0006974227843988823
60 , -0.0006065415777893879
61 , -0.0005039436013394294
62 , -0.0003641719379734454
63 , -0.00025022147094511116
64 , -6.637912446783023e-05
65 , 7.748028340182067e-05
66 , 0.0001990038514565473
67 , 0.0003595272961105511
68 , 0.0004544151401544294
69 , 0.0004971044110784195
70 , 0.0003909826704340258
71 , 0.0003283128122535395
72 , 0.00031379286015775776
73 , 0.00031965396426913983
74 , 0.0003187007275777809
75 , 0.00029759049218336386
76 , 0.0003495827939052898
77 , 0.00035044170829290344
78 , 0.0003856254422303085
79 , 0.00042057361142733285
80 , 0.00045031781933024817
81 , 0.0005557710466204124
82 , 0.0005045563770775807
83 , 0.0005108902732675613
84 , 0.00046446933465738027
85 , 0.0003184738695676259
86 , 0.0001583719029611963
87 , 3.745348602723908e-05
88 , -2.110343477290666e-05
89 , -2.1950640760048934e-05
90 , 1.9085100659177456e-05
91 , -1.0161156594912235e-05
92 , -9.809523927384323e-05
93 , -0.0001327607639958206
94 , -0.0001760388687567227
95 , -0.00023217502778050125
96 , -0.0002607116986161895
97 , -0.00023268067566450945
98 , -0.00018637045111491446
99 , -0.00010996471411028885
100 , -0.00013124159967337068
101 , -8.885413588932689e-05
102 , -6.008952360359032e-05
103 , -3.562524590228211e-05
104 , 1.6247256888757278e-05
105 , 1.3963279055451139e-05
106 , 4.515165507901209e-05
107 , 9.173462543010658e-05
108 , 4.56021489767533e-05
109 , 6.5497095556033e-05
110 , -1.787353469628883e-05
111 , -0.00012994422444234655
112 , -0.0002792989563574766
113 , -0.00039749713199721537
114 , -0.0005312950267312155
115 , -0.0005946116414546898
116 , -0.0006554227375350496
117 , -0.0007068662626428246
118 , -0.00077693792212985
119 , -0.000782650968321752
120 , -0.0007324622839935957
121 , -0.00062338385456151
122 , -0.0005780219335890235
123 , -0.00051602827023145
124 , -0.00038940592466063517
125 , -0.00024947201663516605
126 , -0.000223890430587681
127 , -8.589321079932599e-05
128 , 7.235118528736706e-06
129 , 0.00013503264428971207
130 , 0.00022491441414662638
131 , 0.000307708411301455
132 , 0.00042927894021005386
133 , 0.0004831668518894272
134 , 0.0005469612784381184
135 , 0.000598709722134938
136 , 0.0006558121168471764
137 , 0.000634274777325361
138 , 0.0006276492977939085
139 , 0.0006267973203661903
140 , 0.0006349757188033323
141 , 0.0006161992667070848
142 , 0.0006243147665145887
143 , 0.0006252966485666978
144 , 0.0006483357891211572
145 , 0.0006693085505242724
146 , 0.0006389439845637668
147 , 0.0005076110390191957
148 , 0.00035273210153130563
149 , 0.00020773788477157495
150 , 0.00011516907503428264
151 , 3.474192313723812e-05
152 , -4.5214977048013694e-05
153 , -7.540507619951953e-05
154 , -0.00011392946094190837
155 , -0.00011316156895169183
156 , -0.00010087422812510294
157 , -0.00011754660322538246
158 , -0.00014535571564000538
159 , -0.00017206941630509842
160 , -0.0001451414060822387
161 , -0.0002066399882046932
162 , -0.00024029387634927346
163 , -0.0002791831771319364
164 , -0.00026433680105941715
165 , -0.0002413297779237933
166 , -0.00024027955107563947
167 , -0.00021907543773669325
168 , -0.0002508927535245231
169 , -0.0002140235959710024
170 , -0.0001971657601458343
171 , -0.00021900747249581354
172 , -0.00023172214079913989
173 , -0.0002563314186954102
174 , -0.0002873607706364023
175 , -0.0003325953071782184
176 , -0.0004164380538753676
177 , -0.0005933657472069198
178 , -0.0007510134068128282
179 , -0.0009408146519833682
180 , -0.0011593640191320809
181 , -0.0015011994240874404
182 , -0.0017842619565463513
183 , -0.0020899571652923665
184 , -0.002427424813988166
185 , -0.0026235275351683685
186 , -0.002853415887056343
187 , -0.0030160509608014863
188 , -0.0031362255190392485
189 , -0.003203030075952573
190 , -0.0032808469859655354
191 , -0.0035230360698554897
192 , -0.003823250958820079
193 , -0.004295777896573538
194 , -0.004778636903310818
195 , -0.005125534835515477
196 , -0.005319293882161791
197 , -0.005410625372408551
198 , -0.0053899088391820005
199 , -0.005223861600012092
200 , -0.004907871949056841
201 , -0.0045554534848996076
202 , -0.004301357780392312
203 , -0.004062768739938716
204 , -0.003772670447209636
205 , -0.0034046265622079686
206 , -0.00297834058629709
207 , -0.0025427344448659683
208 , -0.0022025943164412087
209 , -0.0018936310664462441
210 , -0.0015476489404674387
211 , -0.0012018994209626044
212 , -0.0009071802109474891
213 , -0.000663142374432435
214 , -0.0004415111083171386
215 , -0.00022421705029529448
216 , -0.00019990953234194642
217 , -0.0002841580220026563
218 , -0.00033993027367784645
219 , -0.00041039765820038987
220 , -0.0004119576550007942
221 , -0.0004956519273533466
222 , -0.00044920343359144965
223 , -0.00030485931223089846
224 , -0.00021501446524307966
225 , -4.43915821820573e-05
226 , 9.458394985939478e-05
227 , 0.00020397091756252372
228 , 0.0003653122385320895
229 , 0.00047209263751080144
230 , 0.0006755552350143912
231 , 0.0007919249437973175
232 , 0.0008211586079560629
233 , 0.0009012170598545755
234 , 0.0007972432567300292
235 , 0.0006608956863070059
236 , 0.0006962799652443508
237 , 0.0006685294117219076
238 , 0.000676971121047254
239 , 0.0006332663906640779
240 , 0.0007044613606363992
241 , 0.0008494555137754656
242 , 0.0009077965382120468
243 , 0.0009907317588320197
244 , 0.0008647452442094306
245 , 0.0008402356224115337
246 , 0.0007092358240965435
247 , 0.0006028354968694583
248 , 0.0006438226961742455
249 , 0.0004751512923761858
250 , 0.00041441359213045814
251 , 0.00045148688598417586
252 , 0.0004863468633622414
253 , 0.00046274599110329717
254 , 0.0005428281382040545
255 , 0.0007177350434586227
256 , 0.0008318257765926873
257 , 0.0010064962271676414
258 , 0.001085460193876786
259 , 0.0012030763612183026
260 , 0.0011971141076003722
261 , 0.0011613116936095569
262 , 0.0012296998146330562
263 , 0.001143395643609768
264 , 0.0011515798456758208
265 , 0.0011030020457138967
266 , 0.0010771539073526348
267 , 0.0009895170503944062
268 , 0.0009004414038502606
269 , 0.0007771866439740815
270 , 0.0006057192092854269
271 , 0.0003834135673539407
272 , 0.00010947438055031178
273 , -0.00012207359897342673
274 , -0.0003827754450898002
275 , -0.0004516098071418728
276 , -0.00047599663568531625
277 , -0.00047622331638175197
278 , -0.00046125945837438564
279 , -0.00038342398255575283
280 , -0.00025178288784311054
281 , -0.00012592314921577863
282 , -5.970020688250699e-06
283 , 0.00013660057458952934
284 , 0.00018817321401209952
285 , 0.00027147831487916996
286 , 0.0002569855972998081
287 , 0.00026835242264211523
288 , 0.0003499927268246772
289 , 0.0004126766019889594
290 , 0.0005001861421694009
291 , 0.0005787091609263939
292 , 0.0006410871909050542
293 , 0.0006833787833335769
294 , 0.0006708815199174545
295 , 0.0006950425250327186
296 , 0.000722121672342757
297 , 0.0007347360077423204
298 , 0.0007479574600695038
299 , 0.0007777908075563555
300 , 0.0007930400745590482
301 , 0.0007315110751762166
302 , 0.000656401291527553
303 , 0.0005952951783831928
304 , 0.0006183395433125849
305 , 0.0005566532492657927
306 , 0.0006098232852975727
307 , 0.0006351230851704415
308 , 0.0006680155955356426
309 , 0.0006871834472987892
310 , 0.0007335423381822359
311 , 0.000676625056056146
312 , 0.0005896281644717227
313 , 0.00047051636848549627
314 , 0.00030724549110261457
315 , 0.00016669928983858995
316 , 4.090012663682252e-05
317 , -0.00010224613471221389
318 , -0.0002734055039173011
319 , -0.00038714529601358016
320 , -0.0004883621797855398
321 , -0.000580842362583267
322 , -0.0006936821643555025
323 , -0.0007374745819659356
324 , -0.0008277154507397855
325 , -0.0009102531336246944
326 , -0.0010469486979706177
327 , -0.001195570036305993
328 , -0.0013445612091349535
329 , -0.0015096874899027668
330 , -0.0017020414980305487
331 , -0.001919844497186074
332 , -0.002071420161417259
333 , -0.0021881029735724145
334 , -0.002239658527042554
335 , -0.002334065917474204
336 , -0.0024171228813589796
337 , -0.0024671312738245854
338 , -0.0024571642589881204
339 , -0.002350961469315016
340 , -0.0021499868666775557
341 , -0.001931261815750207
342 , -0.0017423312599256224
343 , -0.0016332096499300786
344 , -0.0015642761733215549
345 , -0.0014312930945381552
346 , -0.001292253638337515
347 , -0.001132376456021933
348 , -0.0009843406524000509
349 , -0.0008144288462321736
350 , -0.0006442911546461483
351 , -0.0005322781460734838
352 , -0.0004481954202337768
353 , -0.0003140972747610604
354 , -0.00020939068483361023
355 , -7.83638507629858e-05
356 , 1.803462868643635e-05
357 , 5.8574831106161795e-05
358 , 3.731269430651274e-05
359 , -2.9321259034098546e-06
360 , -5.798295975378842e-05
361 , -0.00012792178488207906
362 , -0.00024084631856691185
363 , -0.0002959786648957241
364 , -0.0003335513973581339
365 , -0.00031575776543590894
366 , -0.0003089575219742402
367 , -0.00027586413504110396
368 , -0.0003434380202340659
369 , -0.00045516028327940994
370 , -0.0006074507539659546
371 , -0.000830309740322499
372 , -0.0009857310081339277
373 , -0.0012171137780330188
374 , -0.0014197045459390933
375 , -0.0015888367411515114
376 , -0.0019010398186852795
377 , -0.0023238327902036504
378 , -0.0028052008349169766
379 , -0.0032016341717887586
380 , -0.0034623580142777444
381 , -0.003591790890989044
382 , -0.003581398920664003
383 , -0.003420409921788048
384 , -0.0033884778560485662
385 , -0.003386913565463723
386 , -0.003410255621463798
387 , -0.003412120976298394
388 , -0.003380685942761086
389 , -0.0032957550727104046
390 , -0.0032005733099963463
391 , -0.003030222585287956
392 , -0.002851560638699735
393 , -0.0027090190305951722
394 , -0.0025788951345873112
395 , -0.002486894196317979
396 , -0.002405589655508078
397 , -0.002402319162871258
398 , -0.0024266067878569997
399 , -0.002529686262626507
400 , -0.0027108437085842096
401 , -0.002895580614111659
402 , -0.0030709247855570387
403 , -0.003350355912692393
404 , -0.003632980134303909
405 , -0.0038866125252584593
406 , -0.004115467776485304
407 , -0.0043732497236662615
408 , -0.00474552301400899
409 , -0.005287050618352662
410 , -0.005737085222236038
411 , -0.005809628672813316
412 , -0.0053573506018834705
413 , -0.004747566286620097
414 , -0.004135782091140627
415 , -0.0035001347411246497
416 , -0.0027061581675996704
417 , -0.0018879940778975257
418 , -0.001156563927316001
419 , -0.0003778447696716203
420 , 0.0001130797905373182
421 , 0.0002895952184116535
422 , 0.0004628248923010947
423 , 0.0006111453390105215
424 , 0.0007850953508210523
425 , 0.0009241017829668685
426 , 0.0010795392147031624
427 , 0.0013280170632135047
428 , 0.0016431893933561703
429 , 0.0019916399188397715
430 , 0.0021979500941422536
431 , 0.002292409964896658
432 , 0.002300582051393274
433 , 0.0022030416301717093
434 , 0.002101102198820426
435 , 0.002054033675054745
436 , 0.00201795423020501
437 , 0.002045110808626349
438 , 0.002051266927867168
439 , 0.002034347974431139
440 , 0.0019828432905824034
441 , 0.0019360272217963104
442 , 0.001757495388082786
443 , 0.0015753078842117851
444 , 0.0013410446903698858
445 , 0.001179667439237475
446 , 0.0011091796778235352
447 , 0.0010593650687089617
448 , 0.0009951986318581518
449 , 0.0009003494269803625
450 , 0.0006845763379945691
451 , 0.00039626911726586833
452 , 0.00023778172618427185
453 , 0.0002502284499124041
454 , 0.00021862959440777097
455 , 0.00018288664556642686
456 , 3.544363135521422e-05
457 , -0.00011833180089981798
458 , -0.00040828894344724365
459 , -0.0007037465577658386
460 , -0.0007365393508903528
461 , -0.0008929594244736494
462 , -0.0011020252088266291
463 , -0.0012399982913537944
464 , -0.0013578601352343123
465 , -0.0016175746967190818
466 , -0.0018522989024365444
467 , -0.0019721270835788562
468 , -0.001905274656846867
469 , -0.0016859899945271817
470 , -0.0013422773142276467
471 , -0.0009791976360380428
472 , -0.00047631875194342754
473 , -8.359721911566087e-05
474 , 0.0002904102396104058
475 , 0.0006307166492978133
476 , 0.0010719746449490142
477 , 0.0014772228476136462
478 , 0.002035615267305113
479 , 0.0024271862732681004
480 , 0.0027292343510980643
481 , 0.002900164893584689
482 , 0.0030450008165852083
483 , 0.0031220767349482426
484 , 0.0032399274690826374
485 , 0.0032936925446303
486 , 0.0033955180490721215
487 , 0.0035924704378116346
488 , 0.003791089720015739
489 , 0.003984726165016328
490 , 0.004142184195485177
491 , 0.004216545222477386
492 , 0.004221804577365873
493 , 0.00415926728388194
494 , 0.0040013198740935785
495 , 0.003828242033183882
496 , 0.0035901034785366104
497 , 0.003400637520548422
498 , 0.0031305302681887692
499 , 0.0028879762630904526
500 , 0.002681155463332141
501 , 0.0025373758609186225
502 , 0.0024890263486223585
503 , 0.002472924861381731
504 , 0.002489131225064334
505 , 0.002549932410881084
506 , 0.0025254183711289624
507 , 0.002504398281005793
508 , 0.0025654474372318603
509 , 0.0026248131939656805
510 , 0.0027762252663943165
511 , 0.0027185161479426068
512 , 0.0026273290392377913
513 , 0.0025539532763176886
514 , 0.002373037698197855
515 , 0.0021307369574512514
516 , 0.001736783602612313
517 , 0.0013662571925345812
518 , 0.0009088100684140343
519 , 0.0003971330509733306
520 , -0.00013286433521986218
521 , -0.0006861770079299445
522 , -0.0010869660401667813
523 , -0.0014516263297980059
524 , -0.0017540746861334222
525 , -0.0020589834460243983
526 , -0.0023647922338362326
527 , -0.0026338494904335485
528 , -0.0027677059196723475
529 , -0.002881220197201273
530 , -0.002971357689728782
531 , -0.0030823886958361024
532 , -0.0033332000414786345
533 , -0.0033972380081737086
534 , -0.003563330658813646
535 , -0.003544877856930695
536 , -0.0034175257058911557
537 , -0.0032426008844920196
538 , -0.0030638225648710327
539 , -0.0027416882887472127
540 , -0.0024849574638526883
541 , -0.0022961345430669855
542 , -0.0021006740258104895
543 , -0.002078626742397227
544 , -0.0021574591801000187
545 , -0.0022964405913563635
546 , -0.0024084553827665722
547 , -0.0023723237225459215
548 , -0.0022645823679732224
549 , -0.0021109420014561175
550 , -0.001834265267783075
551 , -0.0016202317747495698
552 , -0.0015780241899164826
553 , -0.0016428329119148044
554 , -0.0016847858235328195
555 , -0.0019600485984870852
556 , -0.002202493394477534
557 , -0.002372001794136658
558 , -0.002632744362673689
559 , -0.002856113819600492
560 , -0.0029364528076253338
561 , -0.0030989899908986374
562 , -0.003372859025032926
563 , -0.0035032317059905393
564 , -0.0034112977150168033
565 , -0.003359225999674087
566 , -0.003131982358952512
567 , -0.002887559981673893
568 , -0.002642414033134921
569 , -0.002350394543264911
570 , -0.00208675389454982
571 , -0.0019409000521548592
572 , -0.0019140878419570129
573 , -0.001977960680087598
574 , -0.0018497441919894664
575 , -0.0017778617547744568
576 , -0.0017177087180285655
577 , -0.0017233633994119257
578 , -0.0016851909525397168
579 , -0.001815325941523116
580 , -0.0019621741792054115
581 , -0.002244259963411488
582 , -0.002488228320641328
583 , -0.002789775880691847
584 , -0.002858611464319316
585 , -0.002928785060672401
586 , -0.002888744383272024
587 , -0.0029069566640947953
588 , -0.0029340498642995705
589 , -0.002938862403692122
590 , -0.0028944766444941594
591 , -0.0027520085766362667
592 , -0.0024007022086810492
593 , -0.0020496127284805876
594 , -0.001666481296763389
595 , -0.001290794550370289
596 , -0.001123811675497799
597 , -0.0009790299748744236
598 , -0.0009331168943153001
599 , -0.0009508959862133404
600 , -0.0008525628098314808
601 , -0.0006753958506077185
602 , -0.0004396234750061456
603 , -0.00018466269760242238
604 , 0.0001323956418657346
605 , 0.00047899391921890633
606 , 0.0007188124579251554
607 , 0.0009564866841198505
608 , 0.0011200913720981198
609 , 0.0012898098824658533
610 , 0.0014887725602734658
611 , 0.001716272332036306
612 , 0.0018563149993264805
613 , 0.0019033500896143973
614 , 0.0020058455116287455
615 , 0.0020856558017117166
616 , 0.0020995835447192857
617 , 0.002123445969709259
618 , 0.002077079377281743
619 , 0.0020907543749273394
620 , 0.0019809891267499324
621 , 0.0018320837855221317
622 , 0.0015760714838048973
623 , 0.0013478812081615388
624 , 0.0010632326836814698
625 , 0.0009328345372052738
626 , 0.0008667465101144245
627 , 0.0009117553858171146
628 , 0.0009496949045078029
629 , 0.0010590808405428476
630 , 0.0012143560061057546
631 , 0.001399954070152365
632 , 0.0017061300125200685
633 , 0.0019590955175194935
634 , 0.002232413248674625
635 , 0.0023455901843565385
636 , 0.0024878659377280954
637 , 0.0024731604776133675
638 , 0.0024232436581230754
639 , 0.0022201047413341612
640 , 0.0020701747558613537
641 , 0.001972994094074476
642 , 0.001859263959348434
643 , 0.0016619611258013034
644 , 0.0014382872071183606
645 , 0.0011921827125775941
646 , 0.0010131822448695704
647 , 0.0008311064198553986
648 , 0.0005744382280852278
649 , 0.00035339306203363563
650 , 0.0001345350027375236
651 , -1.978433256355494e-05
652 , -0.0001466056325867271
653 , -0.00025136079248522236
654 , -0.0003629747532549743
655 , -0.00056491525815483
656 , -0.0008010598127423663
657 , -0.0010631013491059216
658 , -0.0013096332619941808
659 , -0.001476163395455199
660 , -0.001609091659347306
661 , -0.0017056068237618627
662 , -0.0018173923048212526
663 , -0.0019796599772854417
664 , -0.0021202991299225094
665 , -0.002226505824804881
666 , -0.0022667700889118514
667 , -0.0022588333987523246
668 , -0.0022212983501549433
669 , -0.0021131079266735187
670 , -0.0019715717339606753
671 , -0.001941574117590772
672 , -0.0019427914884743158
673 , -0.0019021192515070728
674 , -0.001865316731688993
675 , -0.001827269879111304
676 , -0.0018324202467350226
677 , -0.0018632584958093723
678 , -0.001968987009293488
679 , -0.0020812891560192393
680 , -0.0021993852880132225
681 , -0.002138764410307248
682 , -0.0020190043801509017
683 , -0.0017591623401846945
684 , -0.0014765586165820244
685 , -0.0012181580603383146
686 , -0.0010559561285566899
687 , -0.0008158841581265008
688 , -0.0006364986432505493
689 , -0.0004852727576197813
690 , -0.0003475948230243775
691 , -0.00030333953808558967
692 , -0.0003057169867626275
693 , -0.0004180054667799471
694 , -0.000569829991336479
695 , -0.0006248115949681887
696 , -0.0006315432006021027
697 , -0.0006471878743923298
698 , -0.0006565133576438287
699 , -0.000654385698954707
700 , -0.0005291668690150519
701 , -0.0004097405886217542
702 , -0.000250028303840355
703 , -5.8699297818542995e-05
704 , 0.00011360395416026847
705 , 0.0003154030082268555
706 , 0.0005394978242905246
707 , 0.0006882947671580375
708 , 0.0007971772581709669
709 , 0.0008872027529036597
710 , 0.0010000820331605986
711 , 0.0011294477782906043
712 , 0.0012097685358187782
713 , 0.001157722804996375
714 , 0.0010215617421180934
715 , 0.0008496440275440609
716 , 0.0006571796748142678
717 , 0.00045568131706597015
718 , 0.0002403306277771744
719 , -3.401242773892754e-05
720 , -0.00028793504926771796
721 , -0.0005436743887204942
722 , -0.0007324694336217075
723 , -0.0009102590060819926
724 , -0.001077720901228929
725 , -0.0012393779979166242
726 , -0.0013242938468615018
727 , -0.001503495869829119
728 , -0.001688230720812256
729 , -0.0019968066979030308
730 , -0.002313059660773664
731 , -0.002583982534717366
732 , -0.0027273556167796142
733 , -0.0028194698113557237
734 , -0.002838612058556289
735 , -0.00279005459753201
736 , -0.002704038578539736
737 , -0.002572868581762089
738 , -0.002516354770155993
739 , -0.0025743288431343547
740 , -0.0026409049414970465
741 , -0.002567230819516264
742 , -0.0023983059054973888
743 , -0.0021891380505681957
744 , -0.0020518963994059503
745 , -0.0019135031166099825
746 , -0.0018406652136278012
747 , -0.001776543301087008
748 , -0.0017379404910843332
749 , -0.0016634006774116639
750 , -0.0014465315507425913
751 , -0.00124909495628589
752 , -0.0010373026412729969
753 , -0.0008870618236118677
754 , -0.0008636319392923975
755 , -0.0010061730530019908
756 , -0.0012695047307808016
757 , -0.0015361060608354293
758 , -0.0016888537523959135
759 , -0.0018175087709397797
760 , -0.001923743321835647
761 , -0.0019786366705009106
762 , -0.0020033004632037388
763 , -0.002060978785909051
764 , -0.0022007908041798974
765 , -0.00267847969215651
766 , -0.003240253840019025
767 , -0.003631380217466673
768 , -0.003845183497003024
769 , -0.003935505402834494
770 , -0.004070754481570571
771 , -0.00412112370068729
772 , -0.004133797897741931
773 , -0.0040478502062821775
774 , -0.0040014994092641976
775 , -0.003920727510472566
776 , -0.00361064427903679
777 , -0.003226551612169004
778 , -0.0028373385386063488
779 , -0.0024252417701278173
780 , -0.001964993737189391
781 , -0.0014972865067661711
782 , -0.0010811979456234466
783 , -0.0006583518153251422
784 , -0.00020298967459864148
785 , 0.0002984564116237376
786 , 0.0007539184741622851
787 , 0.0010276617999205317
788 , 0.0011770820379370939
789 , 0.001225563478268521
790 , 0.0012176498806149016
791 , 0.0011484094519083055
792 , 0.0009681401511834054
793 , 0.0006136410487509458
794 , 0.00011788177725402527
795 , -0.00030140644029708064
796 , -0.0006334438590538394
797 , -0.0008374350970318245
798 , -0.0009660121106445096
799 , -0.0011329743162799
800 , -0.0012783336916821764
801 , -0.0014000517445320604
802 , -0.0014968485310842272
803 , -0.0015384310458221861
804 , -0.0016201037156582387
805 , -0.0016963097818747386
806 , -0.0019041223733772261
807 , -0.002021203287529638
808 , -0.0021423243493478017
809 , -0.0021944252200832848
810 , -0.002292832137000711
811 , -0.0025384149313236737
812 , -0.0028119207987080674
813 , -0.0030687479038080667
814 , -0.0032518152164426883
815 , -0.0033410926903053584
816 , -0.003406954472915169
817 , -0.00316559146947204
818 , -0.0028032243814640756
819 , -0.0024932337282288497
820 , -0.002264664981043274
821 , -0.0021761769118423535
822 , -0.0021652139304532136
823 , -0.002191255307499529
824 , -0.002195537998405106
825 , -0.002136164147908848
826 , -0.0020227939740733447
827 , -0.0019107365276557209
828 , -0.0018567383801169068
829 , -0.0018810512407557711
830 , -0.0019221059980102373
831 , -0.0019900190873465284
832 , -0.0020426183688468935
833 , -0.0020183369920924177
834 , -0.0020215546795809836
835 , -0.0019052775788415133
836 , -0.0016488397549656586
837 , -0.0013578165432222011
838 , -0.0010192847145039652
839 , -0.0005613419328086566
840 , -0.0002415507361142044
841 , 3.26940591266478e-07
842 , 0.00011693571325666063
843 , 0.00026860468854117414
844 , 0.0004474090148505194
845 , 0.0005717784487544453
846 , 0.0005955025194588348
847 , 0.0006141815353994939
848 , 0.0006207610719872747
849 , 0.0006218967623130567
850 , 0.0006973942056571758
851 , 0.0008359860648738948
852 , 0.000958098708989441
853 , 0.0010254047852800152
854 , 0.001004557506265602
855 , 0.000748825508958717
856 , 0.00037094687889505096
857 , -5.106049848646599e-05
858 , -0.0004094764487887481
859 , -0.000697896321032343
860 , -0.0008997283306780846
861 , -0.0009055145196024128
862 , -0.0007778177297185218
863 , -0.000673318732119399
864 , -0.0006014508334274415
865 , -0.0005559200933216157
866 , -0.00039166185773642503
867 , -0.00021664954465583364
868 , -2.7480808239888077e-05
869 , 0.0001243730836226753
870 , 0.0001889801339520769
871 , 0.00016136288438661772
872 , 4.950848174756217e-05
873 , -0.0001049831836915649
874 , -0.0003454928278208147
875 , -0.000589235189016879
876 , -0.0008419348090105139
877 , -0.0010283153271193335
878 , -0.0012545425721324222
879 , -0.0014927989593469526
880 , -0.0016342379399343354
881 , -0.0017674898876766099
882 , -0.0018499368801887517
883 , -0.0019468788967349493
884 , -0.002081652829487357
885 , -0.002188812700800069
886 , -0.0023222799273374672
887 , -0.0024875360286455983
888 , -0.002750315559952199
889 , -0.003098200871270884
890 , -0.0034104525145389752
891 , -0.0038541453147979965
892 , -0.004220104817279302
893 , -0.004538694761090145
894 , -0.004653198809027925
895 , -0.004457165454745393
896 , -0.0042897250022179145
897 , -0.004053206396098852
898 , -0.0038845421403733704
899 , -0.003919275441625403
900 , -0.004339335122367616
901 , -0.004853921954917628
902 , -0.005293026890896835
903 , -0.005795375268107694
904 , -0.006095176919884815
905 , -0.006419678844034937
906 , -0.006667716293643267
907 , -0.006813601445741058
908 , -0.006709592393678854
909 , -0.006347084152742544
910 , -0.005532922304605781
911 , -0.004618635121182657
912 , -0.0037362023122616828
913 , -0.0029187111219095563
914 , -0.0022417466033965994
915 , -0.001698491167701155
916 , -0.001300603649531773
917 , -0.0012156374910933243
918 , -0.0012933922613472815
919 , -0.0013566347157255576
920 , -0.0014111947177521955
921 , -0.0014339376019187888
922 , -0.0012865447951361242
923 , -0.0010528556705897696
924 , -0.0008937177729460011
925 , -0.0008855286977978993
926 , -0.0008493705297903942
927 , -0.0009838135656051739
928 , -0.0010804736492721068
929 , -0.0011332831898716034
930 , -0.0010636504087395693
931 , -0.000921512162402105
932 , -0.0008079735635312391
933 , -0.0008015601803250672
934 , -0.0008582037540820764
935 , -0.0009499958430040367
936 , -0.0012723099481781741
937 , -0.001668692607654343
938 , -0.0020096025253238947
939 , -0.0022290736294686697
940 , -0.002366399565489674
941 , -0.0024312544862162833
942 , -0.0024166457033255595
943 , -0.001952859660257933
944 , -0.0013820183360336857
945 , -0.0008498442782637339
946 , -0.0005248291844398567
947 , -0.00018488310148756515
948 , 0.0002166999487143162
949 , 0.0005803017779333342
950 , 0.0007643415413165489
951 , 0.0009622862720688463
952 , 0.0011167300227059584
953 , 0.0012373115211623542
954 , 0.0013893485888745172
955 , 0.0014538522156841704
956 , 0.001387101009715952
957 , 0.001240850767213919
958 , 0.0010651371429875045
959 , 0.0009603236742639076
960 , 0.0007071635806930043
961 , 0.00022963496595829191
962 , -0.00018927737513951826
963 , -0.0005476537508740664
964 , -0.0008313983645814593
965 , -0.0008925774909518402
966 , -0.0005229163035754825
967 , -2.502212508292967e-05
968 , 0.000286169281966675
969 , 0.0007103128761882793
970 , 0.0009877716428832173
971 , 0.0011453278834312464
972 , 0.0011260704553386347
973 , 0.0008340892968701219
974 , 0.00046138015325580817
975 , 2.5789177930279905e-05
976 , -0.00022563332935843228
977 , -0.00045085132288724683
978 , -0.0005826715838137542
979 , -0.000769388522825154
980 , -0.0009932229501856682
981 , -0.0011815000623002225
982 , -0.0012834358435579452
983 , -0.0015078661912705238
984 , -0.0016539850515210341
985 , -0.0016564644719077037
986 , -0.0014657207777429848
987 , -0.001261147196622292
988 , -0.001080832889588934
989 , -0.0009703671898814159
990 , -0.000925378702851698
991 , -0.0009043655438960574
992 , -0.0007806145181548096
993 , -0.000693069352525888
994 , -0.0005932864620350475
995 , -0.0004696675149226115
996 , -0.00035613967265468727
997 , -0.00017035395517184249
998 , 5.7959225981285556e-05
999 , 0.00025529592338169316
1000 , 0.0003061846329590612
1001 , 0.00034833079959906144
1002 , 0.00018365647122919881
1003 , 2.2458879832765177e-05
1004 , -0.00014660511359421147
1005 , -0.0003438413760926684
1006 , -0.0006991869307987342
1007 , -0.0011464771428578713
1008 , -0.001569163229349857
1009 , -0.0020862272438546547
1010 , -0.002410342149456235
1011 , -0.002523561420221254
1012 , -0.0025031123275069955
1013 , -0.002283706397007923
1014 , -0.0020564408272649715
1015 , -0.0019122468877466048
1016 , -0.001841283906606317
1017 , -0.001759485481384715
1018 , -0.0014239699930159722
1019 , -0.0010165562021978714
1020 , -0.0007732959022885844
1021 , -0.0006929407958309319
1022 , -0.0007316589525859785
1023 , -0.0008881695397400247
1024 , -0.0011690550861115367
1025 , -0.0016094509074717767
1026 , -0.002233140037430137
1027 , -0.0027999889905296893
1028 , -0.0033666337072055796
1029 , -0.0037559222903646994
1030 , -0.0041232760737142105
1031 , -0.004483465278535936
1032 , -0.004485195675545173
1033 , -0.004289070869330058
1034 , -0.004124240441474303
1035 , -0.0038471538345477008
1036 , -0.00354906435907254
1037 , -0.0033885956590333777
1038 , -0.0032450399231805926
1039 , -0.0028971664212193993
1040 , -0.002487967411002212
1041 , -0.0018907022954677277
1042 , -0.001117005460053666
1043 , -0.00044609383156635207
1044 , -0.00012890988278413396
1045 , 0.00010345776275677565
1046 , 0.00047766931902626375
1047 , 0.0009011703782211278
1048 , 0.0012649422561188395
1049 , 0.0014666071538371739
1050 , 0.001548496881943029
1051 , 0.0015947448243756046
1052 , 0.0014910055449379733
1053 , 0.0012722817786443574
1054 , 0.0009612071439855097
1055 , 0.0006852768437333179
1056 , 0.00034492799068241986
1057 , -2.8431998055911123e-07
1058 , -0.00044147797528859556
1059 , -0.0006876473295069907
1060 , -0.0007859659849291933
1061 , -0.0008300261662989028
1062 , -0.000815819107401472
1063 , -0.0007472915496348209
1064 , -0.0006614721188359374
1065 , -0.0005454006580382087
1066 , -0.0003728759578844887
1067 , -0.00020534775019442897
1068 , -0.0001462473536917308
1069 , -0.0001311054326572636
1070 , -0.00016846359980893233
1071 , -0.00026042922456626094
1072 , -0.0003802255246189157
1073 , -0.0004507454302782321
1074 , -0.00041155514484403355
1075 , -0.000584840954000132
1076 , -0.0008651562841340832
1077 , -0.0012914311744036677
1078 , -0.0018015182819294262
1079 , -0.0021694233317344214
1080 , -0.0023715791957478194
1081 , -0.0025150371120183923
1082 , -0.0025547967771996083
1083 , -0.0026032021879718314
1084 , -0.002623258195832867
1085 , -0.0027763466545176474
1086 , -0.0031186606074681267
1087 , -0.003478011385295132
1088 , -0.0037518044967228548
1089 , -0.003912798585180344
1090 , -0.004388478927431105
1091 , -0.0051672411570541366
1092 , -0.0061661038733510365
1093 , -0.006526050296836283
1094 , -0.006498322623749941
1095 , -0.006248943970002752
1096 , -0.005854049620567459
1097 , -0.005475079854592502
1098 , -0.0050603880341854035
1099 , -0.004627449617996771
1100 , -0.003911527272995929
1101 , -0.0032849673030335147
1102 , -0.0029696587434066
1103 , -0.002693804464150462
1104 , -0.0024696004007546124
1105 , -0.0021350183156089164
1106 , -0.0017963213929758082
1107 , -0.0013085333879571115
1108 , -0.0009261931135913226
1109 , -0.0005993467425721155
1110 , -0.0004005542178744381
1111 , -0.00019601575072580868
1112 , -1.8093597455859367e-05
1113 , 2.629650410090889e-05
1114 , -5.331536318775587e-05
1115 , -0.0002219581420720429
1116 , -0.00038248017196240713
1117 , -0.00041811301636673903
1118 , -0.0003100128432742544
1119 , -0.00020204191987338582
1120 , -0.00021134521065491185
1121 , -0.0003050813649664308
1122 , -0.00043934808544721093
1123 , -0.0006265800042777325
1124 , -0.0008238900858182907
1125 , -0.0013836748330232629
1126 , -0.001975628844375188
1127 , -0.0024594379066457117
1128 , -0.002648708892470042
1129 , -0.0026307458456379385
1130 , -0.0025826600198105565
1131 , -0.0024581407249550935
1132 , -0.0023238063917516705
1133 , -0.002388023170634468
1134 , -0.0022935743890650784
1135 , -0.002144824797304712
1136 , -0.0019316511646837453
1137 , -0.001742821419296825
1138 , -0.0016545233556496397
1139 , -0.0016859867213976365
1140 , -0.0016331289003523874
1141 , -0.0015435026091032977
1142 , -0.0014564598805953954
1143 , -0.0014692241236597958
1144 , -0.0015421151392832622
1145 , -0.0015668492808803558
1146 , -0.001579660231235236
1147 , -0.0015883974407606694
1148 , -0.001702119468016794
1149 , -0.0019518945403532717
1150 , -0.0022317944400125356
1151 , -0.002438578821435944
1152 , -0.0024209570630034927
1153 , -0.0023108502857135393
1154 , -0.002197043605977833
1155 , -0.002102434800216879
1156 , -0.0019877926609745966
1157 , -0.0018753697734913422
1158 , -0.0018653532179002674
1159 , -0.001888971472227885
1160 , -0.0018793015566977989
1161 , -0.0018347043601245616
1162 , -0.001777427281753563
1163 , -0.001695549207268332
1164 , -0.001583247259485998
1165 , -0.0014900430332671633
1166 , -0.001411889539038147
1167 , -0.001386997173016713
1168 , -0.0013476137413624967
1169 , -0.0013213282312820596
1170 , -0.0012606381458462046
1171 , -0.0012107187795250551
1172 , -0.0010592305128914736
1173 , -0.0008225132102946953
1174 , -0.0006368242519633194
1175 , -0.0005731535242754493
1176 , -0.0006190247530312165
1177 , -0.0007139121732290254
1178 , -0.0008321052910278404
1179 , -0.0009333863303923051
1180 , -0.0010887853248698898
1181 , -0.0013634863263740638
1182 , -0.0016702703351612058
1183 , -0.002091353275432084
1184 , -0.0024176078615948393
1185 , -0.0025853295655440256
1186 , -0.002605307643754773
1187 , -0.0026521374589164592
1188 , -0.0028010459282252764
1189 , -0.002888858442409381
1190 , -0.0027725196134743557
1191 , -0.0026847311294387888
1192 , -0.0025059223721261015
1193 , -0.0021787974266932464
1194 , -0.0019011734317289086
1195 , -0.001645650889947614
1196 , -0.001458305652957237
1197 , -0.0012511308935958532
1198 , -0.0010148265916098964
1199 , -0.0008373648765073183
1200 , -0.0006165650665964639
1201 , -0.0003871737086407201
1202 , -9.431132575454804e-06
1203 , 0.0005429424782401604
1204 , 0.0009696873139615203
1205 , 0.0012036182961430164
1206 , 0.0013427950497504337
1207 , 0.0014724048185918992
1208 , 0.0015682621623076543
1209 , 0.0018111208530915412
1210 , 0.002035030270227667
1211 , 0.002209055848579222
1212 , 0.00226478036567368
1213 , 0.0022977213534849383
1214 , 0.002215239404554259
1215 , 0.0020631438770482013
1216 , 0.0018078884067833645
1217 , 0.0015242754545061743
1218 , 0.0011699999675451878
1219 , 0.0008242921433991857
1220 , 0.0006173050554054704
1221 , 0.0005846438289909273
1222 , 0.0008484154509205144
1223 , 0.0012310945149447416
1224 , 0.0014677666621378815
1225 , 0.0015499687391480332
1226 , 0.0016147157648740418
1227 , 0.0017255675444409757
1228 , 0.0018330921112077458
1229 , 0.0019757008014076316
1230 , 0.0018452161400042133
1231 , 0.0016185240099522158
1232 , 0.0013798829903810539
1233 , 0.0011361854435572027
1234 , 0.0009743815827232272
1235 , 0.0009683199631009831
1236 , 0.0009708180359548901
1237 , 0.0011003606131434474
1238 , 0.0012076951830444216
1239 , 0.0012582942607244352
1240 , 0.001299672995120238
1241 , 0.0014464874084672008
1242 , 0.0018903953646363103
1243 , 0.0021744649207939837
1244 , 0.0023540059986966178
1245 , 0.0024220603480487046
1246 , 0.002370709248088687
1247 , 0.002473003855406386
1248 , 0.0026984745356477546
1249 , 0.0028823359255434333
1250 , 0.002905099593919047
1251 , 0.0028809490233310253
1252 , 0.0032068574408736783
1253 , 0.004116054653154455
1254 , 0.004639853694478502
1255 , 0.004990689590465891
1256 , 0.004950814647080248
1257 , 0.00451428341163318
1258 , 0.0038727485377008097
1259 , 0.003364464795193811
1260 , 0.0032617386764928202
1261 , 0.0034677012786408223
1262 , 0.003839358916500668
1263 , 0.004229367554690278
1264 , 0.004675642153317394
1265 , 0.004676849224339419
1266 , 0.0047321100418227235
1267 , 0.0045024875801249475
1268 , 0.004265053660702733
1269 , 0.003791011817210199
1270 , 0.003372963992207101
1271 , 0.003231837737412313
1272 , 0.00318370038461091
1273 , 0.0030890603327298205
1274 , 0.0029876952444627403
1275 , 0.0028815322154103207
1276 , 0.0031909156663834093
1277 , 0.0037795495485941633
1278 , 0.004395853014248052
1279 , 0.004748350257489875
1280 , 0.00477932088683497
1281 , 0.0050030559486129444
1282 , 0.005627006726620198
1283 , 0.00668130633782793
1284 , 0.008266417315271779
1285 , 0.00924599223206779
1286 , 0.009802610924938726
1287 , 0.009631729570199754
1288 , 0.00886865754205135
1289 , 0.00802907265428443
1290 , 0.007351677435269766
1291 , 0.006233899399332943
1292 , 0.004716717719128738
1293 , 0.002905188108199619
1294 , 0.0013898098644107293
1295 , -0.0005462309407064936
1296 , -0.0024385914952779197
1297 , -0.00403083386434
1298 , -0.005547214485690066
1299 , -0.0069525484482551025
1300 , -0.007939534009823834
1301 , -0.008243445325684773
1302 , -0.008398904229805604
1303 , -0.008410096343756224
1304 , -0.008187180446093678
1305 , -0.008266027008121513
1306 , -0.00836580342288229
1307 , -0.00847785091737896
1308 , -0.008355407837714268
1309 , -0.007651846212409552
1310 , -0.006973343727293413
1311 , -0.006365153926662925
1312 , -0.005868809710065426
1313 , -0.005422685648556191
1314 , -0.004848306886903075
1315 , -0.003919083316179073
1316 , -0.002903257795424885
1317 , -0.0018346581476278434
1318 , -0.0005531866219706805
1319 , 0.00018423175557313876
1320 , 0.0005690197605987546
1321 , 0.0007384443147557818
1322 , 0.0007988203165545382
1323 , 0.000740572874137202
1324 , 0.0007013021399653319
1325 , 0.0010476404253332294
1326 , 0.001366896824332109
1327 , 0.0016049675998355273
1328 , 0.0023656863810364026
1329 , 0.00314038275151729
1330 , 0.0036710156694435003
1331 , 0.0044550076922829085
1332 , 0.005172531031009564
1333 , 0.006021222233708379
1334 , 0.00659523654200167
1335 , 0.006863872159901696
1336 , 0.006856538517526101
1337 , 0.006909786631314585
1338 , 0.006859288561070098
1339 , 0.007195081035516138
1340 , 0.007366472543969493
1341 , 0.0073821817516668276
1342 , 0.007302823047614648
1343 , 0.006413596560879364
1344 , 0.0049715273811743455
1345 , 0.0035654240223139677
1346 , 0.0026297385028648534
1347 , 0.0016667045322869
1348 , 0.0009101068287662439
1349 , 0.0004828415091393534
1350 , 0.00045378120233907637
1351 , 0.0008050945223125883
1352 , 0.0009903121025498507
1353 , 0.0013956918525488415
1354 , 0.0018852119034633574
1355 , 0.0022412907168225527
1356 , 0.0023174415073761168
1357 , 0.002566255813157392
1358 , 0.0030703764238166897
1359 , 0.0035796801046210636
1360 , 0.003902193322658176
1361 , 0.004098623660834466
1362 , 0.004109461739071341
1363 , 0.003976353403113642
1364 , 0.004034282975116099
1365 , 0.003886121333624537
1366 , 0.003732633222359949
1367 , 0.0036216732143798946
1368 , 0.00337788557539187
1369 , 0.0033314642438242448
1370 , 0.0032925094789137965
1371 , 0.0030832851208035805
1372 , 0.002609431944534446
1373 , 0.0019154652839610264
1374 , 0.0010460034589545586
1375 , 7.394078337075172e-05
1376 , -0.0007822170988669441
1377 , -0.001464945922643457
1378 , -0.0018046697780991217
1379 , -0.002050861580047414
1380 , -0.002469610953954371
1381 , -0.0029162771269802823
1382 , -0.0032459503527419997
1383 , -0.0036359272209441906
1384 , -0.004118722812640474
1385 , -0.004563318053836252
1386 , -0.004944803796940622
1387 , -0.004989351580626078
1388 , -0.00495730652530868
1389 , -0.004722349585009167
1390 , -0.004263664507771603
1391 , -0.0037130852756068755
1392 , -0.0032709426895739524
1393 , -0.002946713015385183
1394 , -0.0026702377807980016
1395 , -0.0025042652079622085
1396 , -0.0022996231517244947
1397 , -0.0018592487604890406
1398 , -0.0012552178431988192
1399 , -0.0006385033004400187
1400 , 6.387688240083733e-05
1401 , 0.0008306312598194143
1402 , 0.001558142071394153
1403 , 0.002109170062784882
1404 , 0.002659853494685338
1405 , 0.0031737134794942445
1406 , 0.0035233829889258494
1407 , 0.004039764037272242
1408 , 0.004383802411755733
1409 , 0.004435771841362346
1410 , 0.0046381184614392446
1411 , 0.004867292487377162
1412 , 0.0050855351044294395
1413 , 0.005176581654892098
1414 , 0.0054707858796798625
1415 , 0.00583126194366157
1416 , 0.00671195164845928
1417 , 0.007460423380061698
1418 , 0.008547958489543594
1419 , 0.009499061252000951
1420 , 0.010621226361237524
1421 , 0.010959382691263064
1422 , 0.010487353839243374
1423 , 0.009505753407659467
1424 , 0.00829868961911484
1425 , 0.006936757412019823
1426 , 0.005421546110455422
1427 , 0.00459659812824742
1428 , 0.0043475369195304925
1429 , 0.004304946158155465
1430 , 0.004941694275167885
1431 , 0.005888002672568504
1432 , 0.00605250771153254
1433 , 0.005498950689345916
1434 , 0.0052377600087676335
1435 , 0.004943548457207347
1436 , 0.004811327030069368
1437 , 0.004753967272423942
1438 , 0.005183651038362935
1439 , 0.005788545800807343
1440 , 0.006176602875290538
1441 , 0.0066229243884505795
1442 , 0.0071670381606137035
1443 , 0.007320606900441895
1444 , 0.0072248267692320844
1445 , 0.006728473631780085
1446 , 0.005672767068645612
1447 , 0.0043518745523383195
1448 , 0.003153749162290387
1449 , 0.0016854484159594119
1450 , 5.111953404113301e-05
1451 , -0.0015713038269571378
1452 , -0.0027495806588493377
1453 , -0.0035939144267242984
1454 , -0.004334976961156256
1455 , -0.005099044295103661
1456 , -0.005914633044366013
1457 , -0.006147031922064894
1458 , -0.006237697963311972
1459 , -0.006072576174611433
1460 , -0.00552811548221277
1461 , -0.004196102767215826
1462 , -0.002754188583407702
1463 , -0.0013404762893036715
1464 , -0.00014495614446885519
1465 , 0.0013413250179503677
1466 , 0.0025538295835958458
1467 , 0.0032795472376858648
1468 , 0.003750907881158838
1469 , 0.0038245647977377395
1470 , 0.003459167827245313
1471 , 0.0033999005691578432
1472 , 0.003634041915097308
1473 , 0.0038916736541700914
1474 , 0.0033288751078406342
1475 , 0.0025232673296415875
1476 , 0.001757418130269528
1477 , 0.0014051680466840022
1478 , 0.0010558421206265933
1479 , 0.0012006373740365284
1480 , 0.001830197891246943
1481 , 0.002505776713381369
1482 , 0.0030373294192103106
1483 , 0.0034754460912804763
1484 , 0.0038571663585371674
1485 , 0.004480298101262825
1486 , 0.00513912141611339
1487 , 0.005515084763229705
1488 , 0.005582201268638398
1489 , 0.005579454002761608
1490 , 0.0056557647487349705
1491 , 0.005478972286403261
1492 , 0.005168871664885444
1493 , 0.004959988930942627
1494 , 0.004790696448478071
1495 , 0.00443136476714745
1496 , 0.003959643630024878
1497 , 0.003271250940559911
1498 , 0.0025104885854114745
1499 , 0.001814506702162877
1500 , 0.0015525467993895425
1501 , 0.001601794624576991
1502 , 0.001927335116314266
1503 , 0.002263387605278444
1504 , 0.0024649080252423516
1505 , 0.0024035065891911955
1506 , 0.002245021711611228
1507 , 0.0015590238672453793
1508 , 0.0007598162611639481
1509 , 4.231271124610636e-05
1510 , -0.000813066568120413
1511 , -0.0017454255314167666
1512 , -0.0021512120517380717
1513 , -0.0023838078710071153
1514 , -0.0022047164830255594
1515 , -0.001942395561570831
1516 , -0.0017904213314561268
1517 , -0.001990414862409806
1518 , -0.002362962620096165
1519 , -0.0029764771991331873
1520 , -0.0037929209443712253
1521 , -0.0044526654542536015
1522 , -0.004845491747184072
1523 , -0.005167219406335466
1524 , -0.005708879828948854
1525 , -0.00611383362054807
1526 , -0.006215214620880594
1527 , -0.005952513293342232
1528 , -0.005538179475345295
1529 , -0.005033288777748668
1530 , -0.004494382022471877
1531 , -0.0036002663691321324
1532 , -0.0025775163888028807
1533 , -0.0014062731455213306
1534 , -0.0003282346538371339
1535 , 9.81664673327387e-05
1536 , -6.833017007989994e-06
1537 , 9.761519568218802e-07
1538 , 5.1193697101492575e-05
1539 , 0.00026419801315724634
1540 , 0.00037125413093419546
1541 , 0.00027129212330478936
1542 , 9.199542298388153e-05
1543 , -2.491990687802925e-06
1544 , 0.00026967740341721225
1545 , 0.000740573448865911
1546 , 0.0015993294419491821
1547 , 0.0027651797431671454
1548 , 0.003727785347845458
1549 , 0.004352024146465183
1550 , 0.004697808861556574
1551 , 0.004794268243660138
1552 , 0.00429698569281034
1553 , 0.0036402584494927837
1554 , 0.0027053729035750873
1555 , 0.0015135867091036204
1556 , 0.000416166989044342
1557 , -0.0004978750117252684
1558 , -0.0012765383118432672
1559 , -0.001729787896701751
1560 , -0.0018512635994311077
1561 , -0.0021786199186124566
1562 , -0.0020929733666399386
1563 , -0.0016648822608948954
1564 , -0.0011459336752414062
1565 , -0.0006176187910278408
1566 , -0.0001754515334210227
1567 , 5.722249632511556e-05
1568 , 8.222614138575501e-05
1569 , 0.00017164355270793408
1570 , 0.000424162247780302
1571 , 0.0008981565448102913
1572 , 0.0015357157592832404
1573 , 0.002290428874171191
1574 , 0.003097865419595003
1575 , 0.004120672886340104
1576 , 0.004764424458801875
1577 , 0.0052530471641221155
1578 , 0.005661210020449392
1579 , 0.005894079220347459
1580 , 0.0060823809622314595
1581 , 0.006491747011498017
1582 , 0.006804342635392757
1583 , 0.007234782322199873
1584 , 0.007353348882721766
1585 , 0.007440052057495761
1586 , 0.00732644071141042
1587 , 0.007246034669522006
1588 , 0.006947130717823713
1589 , 0.006432521523814572
1590 , 0.005819241964675426
1591 , 0.005253773887430757
1592 , 0.004905425079341441
1593 , 0.004492458392346466
1594 , 0.004150162820058201
1595 , 0.0041333831535028676
1596 , 0.004220656897248487
1597 , 0.00435235818932278
1598 , 0.004559172424943636
1599 , 0.004894292610285511
1600 , 0.005526714307096725
1601 , 0.006303648774293125
1602 , 0.006861705738090418
1603 , 0.007458102671787037
1604 , 0.007789537722300732
1605 , 0.007686916687211998
1606 , 0.007327963833404283
1607 , 0.006715140046498647
1608 , 0.006116980587970389
1609 , 0.005616323444518345
1610 , 0.005377714602632366
1611 , 0.005209660988610754
1612 , 0.004888903253758237
1613 , 0.004517951633504991
1614 , 0.004225093421640125
1615 , 0.004012264896728013
1616 , 0.003892917328200074
1617 , 0.0035927869715777216
1618 , 0.003391707205106398
1619 , 0.00336916960062017
1620 , 0.003495270455523114
1621 , 0.00356618599430103
1622 , 0.0036689389736939138
1623 , 0.0035301716043509845
1624 , 0.003422737725982339
1625 , 0.0030225784214694684
1626 , 0.00275347270905546
1627 , 0.0023480832836912935
1628 , 0.0021171275418974123
1629 , 0.001549571665702132
1630 , 0.0010010753702121011
1631 , 0.0003466797091824514
1632 , -0.0002236942108064799
1633 , -0.00085263847763839
1634 , -0.0016391231135721718
1635 , -0.0025871132842294475
1636 , -0.0031429663179042278
1637 , -0.0035111715643227903
1638 , -0.003800712907430226
1639 , -0.003949938137768005
1640 , -0.0039561427862505605
1641 , -0.0038806217533813303
1642 , -0.004141744330484309
1643 , -0.004044661057223342
1644 , -0.003497656275353034
1645 , -0.0027619913841632204
1646 , -0.0020703069356935444
1647 , -0.0015981609757604875
1648 , -0.0015525922257705327
1649 , -0.0014051654206641562
1650 , -0.0012228858925290575
1651 , -0.0009519924973825367
1652 , -0.0006097723716650405
1653 , -0.0006544593829170831
1654 , -0.0008888004050584541
1655 , -0.0011717727394456867
1656 , -0.0013358265191230068
1657 , -0.0015520437421264743
1658 , -0.0017211311057436784
1659 , -0.0018771891713028621
1660 , -0.0016913758362439024
1661 , -0.0014037542453061436
1662 , -0.0009936748174869114
1663 , -0.0006552716937597847
1664 , -0.00027351920283369413
1665 , 7.711762588091808e-05
1666 , 0.00035881054684616664
1667 , 0.0005371343173405929
1668 , 0.0005434423648758013
1669 , 0.0003128210039229362
1670 , 7.368133229368468e-05
1671 , 5.3313641363850195e-05
1672 , 0.00014709049343419878
1673 , 0.0004773613633122231
1674 , 0.0008149519535500804
1675 , 0.0009933946636779822
1676 , 0.0012463474720334489
1677 , 0.0015540589794929005
1678 , 0.00208777373612401
1679 , 0.002437944098884426
1680 , 0.002884315553191019
1681 , 0.003439227617469065
1682 , 0.003638615063209505
1683 , 0.003338471248399033
1684 , 0.0029215668369717562
1685 , 0.002660409075866621
1686 , 0.0024711616389143654
1687 , 0.002167358256219609
1688 , 0.001781672141924373
1689 , 0.0011547505196376484
1690 , 0.0009147493679624308
1691 , 0.0005666165178483951
1692 , 0.00029356245524958524
1693 , 0.00014104432012729262
1694 , 0.00021202461795311045
1695 , 0.0001665264174890435
1696 , -9.59318630122663e-06
1697 , -8.520131941724962e-05
1698 , -0.00037872286486850815
1699 , -0.0005299899394635155
1700 , -0.0006682911708498773
1701 , -0.0006254964944589769
1702 , -0.0005987534064896272
1703 , -0.0006169680817061929
1704 , -0.0006448429007194223
1705 , -0.0006203597008656025
1706 , -0.0005395472181827232
1707 , -0.0003368984468589131
1708 , -0.00028452249154387044
1709 , -0.00025442568614997274
1710 , -0.0003685244004872912
1711 , -0.00044149214360844624
1712 , -0.0004106585207386271
1713 , -0.0001968956662641297
1714 , 0.0001191109311067251
1715 , 0.00039087322487274534
1716 , 0.0006276746382274379
1717 , 0.0008336470010636976
1718 , 0.001059913395166534
1719 , 0.0012643586913980709
1720 , 0.001296449901885266
1721 , 0.0013546465255627194
1722 , 0.0014472644180565375
1723 , 0.0015294949303594763
1724 , 0.0014778436201361433
1725 , 0.0014573587708879288
1726 , 0.001439225011783174
1727 , 0.0014080839979120352
1728 , 0.0013036865474966852
1729 , 0.0010958905433513522
1730 , 0.000903218529567873
1731 , 0.000877245157629325
1732 , 0.0007004421892664592
1733 , 0.0005319859245624947
1734 , 0.0005005821141954581
1735 , 0.0008335119754914189
1736 , 0.000989657022764101
1737 , 0.0012031389964435313
1738 , 0.0013888807852415752
1739 , 0.0013886305969643686
1740 , 0.0012528008284202752
1741 , 0.0011414578213064797
1742 , 0.0007321682094441062
1743 , 0.00011473472798528839
1744 , -0.0006455074232559754
1745 , -0.0013728575980421764
1746 , -0.001993535379202771
1747 , -0.00238813499172541
1748 , -0.0026257289938081962
1749 , -0.0029523521452954338
1750 , -0.0032571474885012552
1751 , -0.0036083726248336
1752 , -0.003907068459151786
1753 , -0.004591148650334609
1754 , -0.005418483102351046
1755 , -0.00606775851127328
1756 , -0.006565454949287952
1757 , -0.006784114194350099
1758 , -0.0065357004043573586
1759 , -0.006136061130740722
1760 , -0.005635399137648656
1761 , -0.005186276566174319
1762 , -0.0046338380829923365
1763 , -0.003996686921770909
1764 , -0.0033719335271844564
1765 , -0.002779244984646434
1766 , -0.002182514967059568
1767 , -0.001765261460774159
1768 , -0.001443770543185896
1769 , -0.0011279476783404574
1770 , -0.0006464326165575018
1771 , -0.0002216622548868452
1772 , 0.00032196351121105415
1773 , 0.0007691697828409172
1774 , 0.0012144067347794607
1775 , 0.001642833199184679
1776 , 0.0020338069339373988
1777 , 0.0025282134086341834
1778 , 0.0030373620029628956
1779 , 0.003466068333635608
1780 , 0.003686665622665286
1781 , 0.003841792728805693
1782 , 0.0037971010047204157
1783 , 0.003645054661308933
1784 , 0.003479920272345005
1785 , 0.0033775901150483456
1786 , 0.0032491476963412147
1787 , 0.0031491261917833135
1788 , 0.003074446232903316
1789 , 0.002974656223504457
1790 , 0.0026697593896243266
1791 , 0.002299554449884944
1792 , 0.0018089089533812608
1793 , 0.001611911690142298
1794 , 0.0012209900087130077
1795 , 0.0008261109221234797
1796 , 0.0006688963762939704
1797 , 0.0005756319968226453
1798 , 0.0005700236024237526
1799 , 0.0008607702298928377
1800 , 0.0011225263949734554
1801 , 0.0014262380928529161
1802 , 0.0016111334685731116
1803 , 0.001919557817844142
1804 , 0.0022520799084895238
1805 , 0.0024913352405535605
1806 , 0.0026705319030655428
1807 , 0.003002094032685143
1808 , 0.003179960047611008
1809 , 0.00330785878653872
1810 , 0.0032604193682927995
1811 , 0.0032041045134665325
1812 , 0.0028916497626643167
1813 , 0.0025769398799064813
1814 , 0.0021935634902485734
1815 , 0.0017421392679952685
1816 , 0.0011904547862024994
1817 , 0.0006519542766532105
1818 , 0.0005215556573490154
1819 , 0.0004282792301562033
1820 , 0.0003463469480198267
1821 , 0.000332014749192755
1822 , 0.00041714995416075595
1823 , 0.0003949634662738788
1824 , 0.00041200050853351655
1825 , 0.0005848723119445953
1826 , 0.0007870951689452621
1827 , 0.0011047667303116793
1828 , 0.0014773209296883305
1829 , 0.0018684656704865965
1830 , 0.0021759810039201355
1831 , 0.0023642708628075493
1832 , 0.00252402367292337
1833 , 0.002557126766074669
1834 , 0.002671625714055992
1835 , 0.00272063707858039
1836 , 0.0026913275046074325
1837 , 0.0027101308147301495
1838 , 0.0027275339006498367
1839 , 0.0028475542556312128
1840 , 0.0030520794806860874
1841 , 0.003214937115872729
1842 , 0.003287357183698214
1843 , 0.0033349828719793084
1844 , 0.003428466913239836
1845 , 0.003529905620988316
1846 , 0.0035549993179300188
1847 , 0.0035935852623016906
1848 , 0.003533884644513652
1849 , 0.003489513385221299
1850 , 0.00367292484655124
1851 , 0.0036527909153953875
1852 , 0.0037276535348733653
1853 , 0.0037603893294479995
1854 , 0.003914538409012458
1855 , 0.004169156889741066
1856 , 0.00431454730226255
1857 , 0.004317636056183627
1858 , 0.0042283290535727325
1859 , 0.004249916214736693
1860 , 0.004045102861440331
1861 , 0.0037564747531340092
1862 , 0.003396572840338896
1863 , 0.0029741190201721945
1864 , 0.0024441590089427923
1865 , 0.0019585824174621624
1866 , 0.001547858710738259
1867 , 0.0011008955169096168
1868 , 0.000892539135302961
1869 , 0.0007771271922916156
1870 , 0.0007899037078678006
1871 , 0.0006346661113858509
1872 , 0.00039612051118509406
1873 , 0.00017217014867187963
1874 , -1.4737109681917104e-05
1875 , -8.157421773158369e-05
1876 , -0.00013064010815999616
1877 , -0.00012124543141056598
1878 , -0.0002290930607158348
1879 , -0.00021412302291867746
1880 , -0.0003159562256255244
1881 , -0.0003781175040143969
1882 , -0.0005607734890851201
1883 , -0.000862812530353585
1884 , -0.0010944178997140952
1885 , -0.0011918273032026638
1886 , -0.0011978396739271702
1887 , -0.001129922495129554
1888 , -0.0009560168798254942
1889 , -0.0008976206563279243
1890 , -0.000656011021376246
1891 , -0.00041121076270789203
1892 , -0.00024686990494360295
1893 , -0.0002956736607566679
1894 , -0.0002524602280704613
1895 , -6.017473623876057e-05
1896 , 0.00010475232687312541
1897 , 0.00032101091290170913
1898 , 0.00043309976115857296
1899 , 0.0006451035993593202
1900 , 0.0006582424305263679
1901 , 0.0006881827583267164
1902 , 0.0005855578355935531
1903 , 0.0004444901595359596
1904 , 0.00023085932574429258
1905 , -0.00012118710962194523
1906 , -0.0004367167708440034
1907 , -0.0007908403644587558
1908 , -0.0011690561384204434
1909 , -0.0016404665461426937
1910 , -0.0017044631504401497
1911 , -0.001874136087823608
1912 , -0.0020562486072618347
1913 , -0.002220234855512704
1914 , -0.0024474882546872134
1915 , -0.002822920593674505
1916 , -0.00310984826407934
1917 , -0.00345333997357844
1918 , -0.003972402302762856
1919 , -0.004380205067374465
1920 , -0.004733495542767141
1921 , -0.004885739091423091
1922 , -0.004966844465586262
1923 , -0.004993170814642678
1924 , -0.0048513938151243385
1925 , -0.004421888247253425
1926 , -0.0038982738692228125
1927 , -0.003466619940319826
1928 , -0.0031312665352195568
1929 , -0.0028404379844569894
1930 , -0.002729152112127209
1931 , -0.0023763053059951966
1932 , -0.0019420067901564364
1933 , -0.0016260246204550244
1934 , -0.001210617811175707
1935 , -0.0009045332592458877
1936 , -0.0005626100857857308
1937 , -0.0002204473874554136
1938 , 0.0001843416398217279
1939 , 0.00033391050666842226
1940 , 0.00042383445146265686
1941 , 0.0004655423181001428
1942 , 0.0003869750068148381
1943 , 0.00027863250351645164
1944 , 0.00032812628973766245
1945 , 0.0004043214507079007
1946 , 0.0004881556547740029
1947 , 0.0007344123236523448
1948 , 0.0009984944286598463
1949 , 0.0011277876430961786
1950 , 0.0012039685290825552
1951 , 0.001424115090937761
1952 , 0.0015736499576377572
1953 , 0.001689198077812648
1954 , 0.0018303619906683277
1955 , 0.0019179567842477763
1956 , 0.0020581332937377184
1957 , 0.0023328785760838855
1958 , 0.0025333440722368206
1959 , 0.0026074292093400953
1960 , 0.002656783161763876
1961 , 0.002825383500035139
1962 , 0.0029041856628342355
1963 , 0.0028098520856436604
1964 , 0.002739218009062183
1965 , 0.0026311684237003696
1966 , 0.002795514095100371
1967 , 0.002878664404315945
1968 , 0.003035324625169311
1969 , 0.002925838465236863
1970 , 0.0027292384628365696
1971 , 0.0022823682920696253
1972 , 0.001962525042003005
1973 , 0.0016974902369821798
1974 , 0.0014442154044456146
1975 , 0.0012845408340291797
1976 , 0.0011212321694471505
1977 , 0.001011185614243848
1978 , 0.001062160505359122
1979 , 0.0011153872708475898
1980 , 0.0011381724967116646
1981 , 0.0012665809535676864
1982 , 0.0013772641811613529
1983 , 0.0014846058553279473
1984 , 0.0014042130480835802
1985 , 0.0014080878555573495
1986 , 0.0013519700697772752
1987 , 0.0013013459950679263
1988 , 0.0012837368347202727
1989 , 0.0012505061622585245
1990 , 0.0011880219410200787
1991 , 0.0010810501905880177
1992 , 0.0010949567575824215
1993 , 0.0010211904156585128
1994 , 0.0009356759680860804
1995 , 0.0007654572692281647
1996 , 0.0006605205327268049
1997 , 0.0005082115947137034
1998 , 0.00032129878314779425
1999 , 0.00011238721623518799
2000 , -6.628643011963309e-05
